V530 Lyr 		2459466.281211905 -33.4027623587468 0.9084208673413178
V530 Lyr 		2459466.313526828 -33.330786309777096 0.8384608915542163
V530 Lyr 		2459466.345187683 -33.42304473306603 0.8087421646536136
HR Peg 			2459466.392760419 11.903521704308188 1.3968138347284578
HR Peg 			2459466.42442782 11.898365275608795 1.3938934280958415
HR Peg 			2459466.456108565 11.894136347466087 1.4534339128040552
HD 215336 		2459466.487949194 -8.94564156196575 0.3455872618539024
HD 215336 		2459466.5196140124 -8.912453433469075 0.19500890293076656
HD 215336 		2459466.5513087492 -8.998941380666258 0.2775137634225872
HD 16173 		2459466.5809594775 -3.8428957755836883 0.44840148180901807
HD 189039 		2459467.259784031 -17.09172953962981 8.750711667516471
V530 Lyr 		2459467.277310663 -33.828615675323064 0.8723567217597868
HD 206843 		2459467.331994661 8.695733669148957 1.8081598899170068
HD 215336 		2459467.3495441293 -8.715520196439385 0.39741941006971665
V365 Cas 		2459467.5364162773 -8.346062447177953 0.5252900984212051
V365 Cas 		2459467.5680820392 -8.831702805371965 0.5587989352163893
V365 Cas 		2459494.2423482514 -9.340400289505315 1.0909542841007753
V365 Cas 		2459494.274009287 -9.80763055434392 0.7906514323637585
HD 215336  		2459494.30756491 -8.848877262769761 0.43287555948585466
HD 215336  		2459494.342034884 -8.714819313032965 0.257014104671451
HD 215336  		2459494.373713585 -8.776870822683714 0.32031966455418404
BD+21 255  		2459494.407690281 -33.5459376519613 1.066143752033703
BD+21 255  		2459494.4394063363 -33.59671373946969 0.9549304621277166
V365 Cas 		2459494.4707042 -7.8333027417706536 1.1134483317593793
V365 Cas 		2459494.5023649386 -7.622052891409693 1.5300224671537108
V365 Cas 		2459494.541318429 -8.873426377654853 1.2054893975051613
V365 Cas 		2459494.572975601 -8.41281767637188 1.483412451072188
V365 Cas 		2459494.608552397 -10.294378548147826 0.5298643694380804
V530 Lyr 		2459495.211720899 -33.86928178044933 0.8340938196622335
HD 189039  		2459495.2471039155 -3.614189056428909 3.3347273126894383
HR Peg  		2459495.2829676173 11.212308278827509 0.7859975747416484
HD 215336 		2459495.315257988 -8.665415876995127 0.435035918057571
HD 215336 		2459495.346924856 -8.267733832474002 0.2767077655218193
BD+21 255 		2459495.400452122 -33.53242566475123 0.9070031353308021
V365 Cas 		2459495.432693431 -8.264463159112381 1.4635423635809466
V365 Cas 		2459495.4643885596 -8.339837907502334 1.9324349115800015
V365 Cas 		2459495.4962833803 -8.995426730372197 1.051394163716914
HD 278  		2459495.530208971 -3.8306114918084457 9.724107526552167
HD 16173  		2459495.5785025195 17.3129154372871 2.834864414747014
CL Cam  		2459640.240887763 -32.45751123426973 0.9901917428198681
V1139 Tau 		2459640.2601711615 16.670823727175893 0.41902229952587294
V1139 Tau 		2459640.2915517124 4.062729647735052 0.5003295788777151
V1139 Tau 		2459640.32321556 4.247960593454049 0.7480223927130015
HD 26395 		2459640.3568570386 9.127829760446627 6.130927234109344
HD 26395 		2459640.3793992046 42.953207975988235 0.7345917233402605
CD CVn  		2459640.523587985 -39.05358422418354 2.691218067622745
EU Dra  		2459640.560300052 -58.60164434633383 7.841525979520543
56 UMa  		2459640.5907229935 1.1442281566635937 1.130549506877307
V530 Lyr 		2459640.626571787 -44.72653521866195 0.1168332144553729
V1139 Tau  		2459641.2622011467 3.76556137096485 0.35924182314986736
V1139 Tau 	 	2459641.293851771 3.758971919225548 0.9200976510675607
CL Cam 			2459641.3292627595 -25.748291619665896 8.109943356779835
TW Cnc 			2459641.375476056 -0.0033389850118457076 6.368512385149629
CL Cam 			2459644.2260202277 -28.829039201366484 9.844644721274156
V1139 Tau 		2459644.243934644 3.9105627150802604 0.31869607386981064
V1139 Tau 		2459644.27559656 4.092940936047423 0.7387267339785394
BD+48 1048 		2459644.3087237813 -13.237592313122416 3.28631704001609
BD+79 230 		2459644.3782702894 18.142683263465205 1.2359529471295885
56 UMa 	 		2459644.4187389803 0.6276017526798361 0.3815982016468785
HD 108675 		2459644.4835205167 -45.03448734200302 1.6516180513360812
HD 117123 		2459644.513895211 -38.26450010685217 0.38817682826223143
HD 117123 		2459644.5482098632 -150.1540107441518 71.36980571073128
HD 135148 		2459644.5893836017 -94.87545403870193 0.8116832433283254
HD 26395 		2459648.2602228653 -20.819186512018618 1.6585022422360851
HD 233158 		2459648.3087745598 46.601451306392086 0.21891779279013437
HD 91498 		2459648.4347928585 0.7726278496680523 0.46231077210017013
J105730.98+474614.4 	2459648.4448123444 39.63660283321551 6.656053048725883
CL Cam  		2459649.2551853023 -53.972395525404224 5.513511103416998
TW Cnc  		2459649.2963416767 -1.0804670762624369 6.695821808209591
56 UMa  		2459649.3959576557 0.37917752516651504 0.43103617887594226
CD CVn  		2459649.4422806706 -36.432339135231416 5.116434763338644
HD 135148  		2459649.480195434 -94.59850218705148 0.9393107512961502
HD 135148  		2459649.522335095 -94.84276510330565 0.6534810632298077
HD 135148  		2459649.564426651 -94.21282235635725 0.6033694452806679
V2012 Cyg  		2459649.6043968364 11.005686184889981 3.8560040440197603
BD+48 1048 		2459650.278009612 -11.300778174014432 4.680407801394916
HD 80492 		2459650.345179495 -0.41849231641020523 6.038191989320044
56 UMa 			2459650.409154528 -0.04830632413958735 0.5085564742482591
V1139 Tau 		2459651.2874109065 4.0469041859876 0.3925796097658794
HD 48767 		2459651.33954024 18.743595603514468 3.597142094770842
56 UMa 			2459651.4010023884 -0.13401289695084273 0.9550613527413854
HD 135148 		2459651.4687485467 -94.7120659694713 1.4137378425635938
HD 135148 		2459651.5108340844 -94.41139286717777 0.5875412219584429
XAnd			2459931.324085648	-41.68807622877682	0.027265302452441402
HD224959		2459931.339375		-129.29314616474412	0.0164069006632559
Gaia2772223921520295808	2459931.3628125	-	34.55393982452552	0.006792227209337422
Gaia2772223921520295808	2459931.3847685186	-34.554385742606414	0.007465814275180924
120073889595045888	2459931.5088078706	-18.62050211707833	0.0066438263781410205
120073889595045888	2459931.5291087963	-18.632144829883497	0.007361756208262365
120073889595045888	2459931.5507523147	-18.70816406415584	0.007632523415549963
120073889595045888	2459931.571053241	-18.70645804429748	0.008006759487890914
167183599159350144	2459931.5978587964	-62.11449029982524	0.009618451063360603
167183599159350144	2459931.6193171297	-62.132169446405086	0.009775652903543533
167183599159350144	2459931.6418634257	-62.12920384513329	0.010278528795792932
167183599159350144	2459931.663321759	-62.080887566494226	0.010824761352323199
ClNGC2632S119		2459931.7102083336	39.35067118260689	0.01094239623536917
BD+161847		2459931.7209259258	63.07737986378758	0.09590505656433726
TYC-2517-8		2459931.7325462964	-42.00492415835554	0.004851538030799341
BD+412150		2459931.7504976853	-6.014436032324341	0.004772310792766065
BD+042466		2459931.7678009258	44.41727303441978	0.012721279038234405
HD92855			2459931.780671296	0.6614303748664081	0.0077293997572202245
HD3765			2459932.308159722	-63.034533902138996	0.0035567842400551462
vucas			2459932.321435185	-39.80677420620426	0.1634322319441294
vucas			2459932.3347106483	-39.56632364151033	0.09873477807568509
432876048525816832	2459932.361261574	0.368445934322048	0.004151680928527399
tyc28663381		2459932.388888889	-176.23558646547366	0.008212788851720535
tyc28663381		2459932.407951389	-176.17280190265907	0.008242821492049881
237592677372174208	2459932.4328703703	-13.432596499331927	0.005611297268583658
237592677372174208	2459932.453101852	-13.457398872443282	0.006094918106931978
237592677372174208	2459932.474467593	-13.4116353501572	0.006330232600749913
hd284438		2459932.495810185	33.02426928516511	0.010496909060895104
vv1135tau		2459932.517534722	-14.103532697471863	0.006967574015055463
css198			2459932.5292939814	-12.088747988260014	0.004572034518412486
ccdm042655329cd		2459932.5475925924	-1.3216910409885374	0.03028276743306801
ccdm042655329cd		2459932.5631944444	-1.0860782164178568	0.030269609344464637
hd53119			2459932.579108796	21.676726247591198	0.0036310238161274423
v424gem			2459932.5900578704	42.987830527637755	0.006481345067410008
tyc137310701		2459932.607025463	4.893282402205871	0.005869579531816972
tyc137310701		2459932.6226157406	4.930959075124183	0.006243918816196929
gsc00792_00380		2459932.644375		21.3652750368074	0.0058945075734169764
j09023562_3627169	2459932.6658680555	7.708654397603052	0.005213131571721125
j09023562_3627169	2459932.6849305555	7.687408012945049	0.005390102043107989
j01364455_2932475	2459932.706412037	32.57354288983611	0.006004888860751875
j01364455_2932475	2459932.720844907	32.55045842625419	0.005830468073423381
BD+042466		2459932.7459375		44.45974775005121	0.015157990148020706
BD+412150		2459932.758622685	-5.806461447450348	0.004711998218902543
HD103545		2459932.7673958335	179.3629022390176	0.01276928914413084
LEE107			2459932.7790740742	-152.39517736625345	0.024234342203075215
1897620012843006976	2459933.3140972224	1.6507065116583204	0.005724779250779275
1897620012843006976	2459933.3366087964	1.6320235243456247	0.005743070545893635
TYC225010471		2459933.3591435184	15.858791075430638	0.005537424695698347
TYC225010471		2459933.379351852	15.897457703265715	0.006032111954494224
452226315007810304	2459933.402256944	-75.29754094085733	0.00556471669377763
452226315007810304	2459933.4237152776	-75.30618254610648	0.00574096253836933
452226315007810304	2459933.4462037035	-75.36903564900831	0.006229125572544452
136235611011596160	2459933.470659722	0.8695111112112964	0.006354078768539695
136235611011596160	2459933.492048611	0.8571531895809597	0.006960953715546693
136235611011596160	2459933.514814815	0.870659017107046	0.006954250268903738
hd30738			2459933.530162037	67.09817109034238	0.014492636820292821
hd31231			2459933.5345717594	16.747664378535625	0.651672408582227
bd_381031		2459933.546701389	2.07738809824604	0.05235927629223572
bd_381031		2459933.561134259	1.7755846543518774	0.05460720839910491
3404163625380612352	2459933.5827662037	-5.6611060566924705	0.007486541358434339
3404163625380612352	2459933.6029861113	-5.639229179289809	0.007486244540532902
3404163625380612352	2459933.633564815	-5.679755069717276	0.007374901603805631
uucnc			2459933.6524189813	19.658542503700694	0.014971941393257249
twcnc			2459933.6588425925	4.161700866636756	0.006881027721590137
ag_79245		2459933.6728125		-9.085758347803234	0.010417399222376802
ag_79245		2459933.6907175924	-9.137619731066424	0.011136454977517678
tyc1987_753_1		2459933.7142824074	65.64642591434784	0.03959949636702229
tyc1987_753_1		2459933.7368171294	65.68728098982479	0.04184506633460605
tyc1987_753_1		2459933.760497685	65.51921768152401	0.03670380052568401
tyc1987_753_1		2459933.7830324075	65.5776590942097	0.03653991307127494
2878568789237075712	2459934.3154166667	-55.913501631803896	0.008495010083330201
2878568789237075712	2459934.336875		-55.864622084480104	0.0069025425046607015
2878568789237075712	2459934.3596064816	-55.89261939207788	0.007199279505847686
2878568789237075712	2459934.381064815	-55.9017251358215	0.006776045069231374
141728874183780608	2459934.407372685	-26.612891588478412	0.006677738323065376
141728874183780608	2459934.42875		-26.59977398257437	0.007120346086377504
141728874183780608	2459934.451273148	-26.616816723293365	0.006528205823700545
hd26395			2459934.4667939814	-19.442500662377387	0.13252022035311306
hd28907			2459934.474976852	17.164871036680513	0.01115922684718405
he04140343		2459934.488553241	16.38437579588237	0.015395302234226414
he04140343		2459934.502986111	16.424191391446413	0.015305037545023064
hd276679		2459934.5195833333	60.56234126650411	0.02880258714860619
189527182966590592	2459934.5448958334	-47.76364750527562	0.005096488951943538
189527182966590592	2459934.566273148	-47.735437169658766	0.0055873124917437495
hd252117		2459934.5830208333	25.952954911659386	0.003963090404836394
ngc2420250		2459934.598460648	82.07124236699762	0.005776347253627845
ngc2420250		2459934.6152083334	82.06548987532763	0.00650550755057711
ngc2420173		2459934.640590278	75.55267311749006	0.006281938607497471
ngc2420173		2459934.659652778	75.47550579733635	0.006450598636343875
ngc2420173		2459934.679861111	75.50767554930964	0.006394812758418018
j09023562_3627169	2459934.702164352	7.618176342847026	0.004996448510793464
j09023562_3627169	2459934.721238426	7.635669176974909	0.005161104521791106
HD92855			2459934.7409079745	14.84010009479012	0.00663461253818692
BD+412150		2459934.7506481484	-5.336954687704168	0.003660958069771395
j10364455_2932475	2459934.7682291665	32.76880190179766	0.005967192416943866
j10364455_2932475	2459934.782662037	32.7756813561858	0.00579527186543796
hd53119			2460000.384548611	21.913612200459557	0.0033113075439722816
bd_381031		2460000.4065046296	1.5487334888468651	0.05851795238682065
bd_381031		2460000.426724537	2.3746923277181593	0.05141010876170819
bd_381031		2460000.4467361113	1.2778400306315978	0.055073819862455166
hd233158		2460000.469363426	45.70957951769837	0.0042538778690008145
hd233158		2460000.4907523147	45.597377974626625	0.004748391825382088
745324027270565760	2460000.507789352	7.805669626065756	0.004286850150759356
clngc2635s119		2460000.528599537	39.214082425996175	0.010710189958428436
clngc2635s119		2460000.543611111	39.281952374408824	0.011287030681720501
lee107			2460000.5624305555	-151.0753748867954	0.036827336041076436
lee107			2460000.5774421296	-150.9974562041283	0.03625677277116226
j103644552932475	2460000.6001041667	26.21851238169431	0.005927188620618624
j103644552932475	2460000.622650463	26.249998365269725	0.006134975332168631
j103644552932475	2460000.645578704	25.958386327244906	0.006243167696963295
bd471958		2460000.670347222	-81.39853838643434	0.013717710203648434
bd471958		2460000.691724537	-81.23848834599752	0.014087033256110144
cdcvn			2460000.7148726853	-34.264635547718456	0.011187875782699403
hd116495		2460000.7355671297	-38.446108001563935	0.005533708184192776
bd372483		2460000.7552546295	-40.21516541237612	0.018417793117939063
hd134698		2460000.7749189814	-25.57321184839568	0.003235152413109192
sx_peg			2460177.529988426	-21.5643947362557	0.017748719921122345
sx_peg			2460177.5444328706	-21.56973254774146	0.01652830712636091
hr153			2460177.5574652893	12.209540949070863	0.4346337989570187
hd224959		2460177.5748148146	-135.22537917636052	0.014218866365142316
hd224959		2460177.5892592594	-135.244609502589	0.013766445526275371
tyc_1181_1697_1		2460177.657997685	-60.676520446680684	0.005117153354165881
tyc_1181_1697_1		2460177.679386574	-60.65655945791277	0.004959015665736637
tyc_1181_1697_1		2460177.7018402778	-60.695309636570045	0.004697175726554418
tyc_1181_1697_1		2460177.7232175926	-60.695045888800436	0.0047045804630104675
bd372603		2460178.3672569445	-68.09709009565135	0.007514058447582975
bd372603		2460178.381689815	-68.15904415137207	0.0061414815958194795
v915aql			2460178.457465278	51.847702314359374	0.007992975506401451
gaia_dr2_25503696578	2460178.524409722	-183.5202050062188	0.0563623404727623
gaia_dr2_25503696578	2460178.545787037	-183.2516233414477	0.03849245869779919
gaia_dr2_25503696578	2460178.568287037	-183.2755110652978	0.033005821608977456
gaia_dr2_25503696578	2460178.5896643517	-183.39649378690336	0.03734888566719453
tyc_2337_946_1		2460178.6157407407	-36.06565502260149	0.006439741570154714
tyc_2337_946_1		2460178.6371180555	-36.083813334647814	0.006131569395925437
tyc_2337_946_1		2460178.6596064814	-36.08348642989213	0.006231136961825515
tyc_2337_946_1		2460178.6809837963	-36.12143454476298	0.00637538893238449
tyc_2859_751_1		2460178.714224537	1.1324833948573314	0.003825766129972673
tyc_2866_338_1		2460178.7384375		-188.9519591204756	0.00867089744530923
CD-50 8173    		2460013.89480191    -34.1326    0.007
HD 110307    		2460013.870666    -29.6493    0.007
HD 105671    		2460014.83726448    -6.1314    0.007
HD 32712    		2460014.4988823    10.6311    0.007
HD 65152    		2460014.74480675    -7.8424    0.007
HD 66291    		2460014.75327878    24.2476    0.007
HD 69578    		2460014.76052367    -11.3662    0.0117
HD 84759    		2460014.77921698    -6.0166    0.007
HR CMa    		2460014.72583287    16.275    0.007
UX Vol    		2460014.77004337    29.1248    0.0129
CPD-84 436    		2460015.89242979    -6.0174    0.007
CD-27 9249    		2460016.85412905    -8.9358    0.007
CD-40 7555    		2460016.81705497    -4.9069    0.0106
HD 104117    		2460016.80109621    -11.2492    0.007
HD 100421    		2460017.78391272    -2.7498    0.0083
HD 100421    		2460017.7937556    -2.6812    0.0083
HD 105902    		2460017.80364528    1.402    0.007
HD 113195    		2460017.81022408    23.1455    0.007
HD 120620    		2460017.82057375    47.7797    0.007
HD 123285    		2460017.83204559    1.5714    0.0246
BD-00 2430    		2460018.74178941    -18.7783    0.007
BD-19 3868    		2460018.81714427    -98.7438    0.007
BD-19 3868    		2460018.82698668    -98.7636    0.007
HD 101581    		2460018.76734867    13.7369    0.007
HD 102762    		2460018.78583925    -23.6705    0.007
HD 107264    		2460018.79259619    -18.8046    0.007
HD 119187    		2460018.80371745    6.2638    0.0102
HD 89948    		2460018.71174162    23.7913    0.007
HD 90532    		2460018.77519106    -2.4581    0.007
HD 91979    		2460018.71845507    17.1483    0.007
HD 92545    		2460018.72818144    -16.2641    0.007
HD 99476    		2460018.7577131    -14.4307    0.0079
CD-27 8323    		2460019.84782169    -24.7518    0.0147
CD-27 8323    		2460019.85882035    -24.7613    0.0147
CD-42 2048    		2460019.55737457    35.6144    0.007
CD-43 7101    		2460019.83072702    7.6878    0.007
HD 269246    		2460019.49482445    84.023    0.02
HD 32712    		2460019.48827297    10.6104    0.007
HD 39778    		2460019.57356581    45.9817    0.007
HD 45483    		2460019.5651749    15.6774    0.007
HD 49778    		2460019.58179573    1.3047    0.007
HD 76044    		2460019.67279904    -2.3987    0.007
HD 76225    		2460019.6826702    25.5476    0.0071
HD 82221    		2460019.70340241    1.4676    0.007
HD 87080    		2460019.71343489    1.4425    0.007
HD 88035    		2460019.7845901    -1.5576    0.007
HD 88562    		2460019.79330025    13.2688    0.007
HD 89638    		2460019.80039176    0.309    0.007
TYC 6624-597-1    	2460019.81328026    3.4625    0.007
AL Ant    		2460019.69618234    59.392    0.007
BD+00 2840    		2460020.82771714    -29.9845    0.007
BD-07 3076    		2460020.80263751    -28.5914    0.007
BD-07 3076    		2460020.81133839    -28.6038    0.007
BD-13 3743    		2460020.84333644    -14.8096    0.007
BD-13 3743    		2460020.85204028    -14.8206    0.007
BD-15 2060    		2460020.67119151    19.9774    0.0418
CPD-19 1672   		2460020.65943421    41.5827    0.007
HD 273845    		2460020.604506    14.9319    0.007
HD 311324    		2460020.73166753    -2.3149    0.0105
HD 33709    		2460020.59620902    26.9787    0.007
HD 49661    		2460020.62257513    28.0662    0.007
HD 50264    		2460020.6487699    68.9261    0.007
HD 60532    		2460020.67677532    61.1378    0.007
HD 62017    		2460020.64263511    16.1497    0.007
HD 74950    		2460020.74483478    7.5227    0.007
S1 199    		2460020.63283037    16.6137    0.009
TYC 9209-2788-1    	2460020.75910045    -1.8952    0.007
TYC 9209-2967-1    	2460020.77568372    21.115    0.0691
TYC 9209-2967-1    	2460020.78554939    21.1943    0.0644
HR CMa   		2460020.61457472    -0.1774    0.007
TYC 7807-1544-1    	2460024.88713601    -46.4846    0.007
TYC 7807-1544-1    	2460024.89929015    -46.4993    0.007
TYC 9243-986-1    	2460024.85861119    -57.9696    0.007
TYC 9243-986-1    	2460024.86961789    -57.9868    0.007
CD-55 1483    		2460036.59383273    -6.7298    0.007
CD-55 1483    		2460036.60368948    -6.7416    0.007
HD 245186    		2460036.50041806    271.1427    0.7512
HD 245186    		2460036.51258792    -45.5214    0.8162
TYC 126-853-1    	2460036.52640809    33.3775    0.007
TYC 126-853-1    	2460036.53856409    33.3649    0.008
TYC 4790-460-1    	2460036.55595214    68.1179    0.4702
TYC 4790-460-1    	2460036.56928534    59.4248    0.4049
TYC 8214-1928-1    	2460036.74363612    -23.3672    0.007
TYC 8214-1928-1    	2460036.7546331    -23.3611    0.007
TYC 8231-457-1    	2460036.76975083    -35.7603    0.007
TYC 8231-457-1    	2460036.78076883    -35.7275    0.0074
TYC 8258-1189-1    	2460036.79536234    -4.9703    0.0073
TYC 8258-1189-1    	2460036.80522287    -4.9583    0.007
TYC 8272-443-1    	2460036.86961194    -59.5296    0.0112
TYC 8272-443-1    	2460036.88410934    -59.5044    0.0112
UCAC2 12206089    	2460036.69283716    -27.7282    0.0094
UCAC2 12206089    	2460036.70615638    -27.7157    0.0111
UCAC2 12206089    	2460036.7194947    -27.7675    0.0109
UCAC2 30705211    	2460036.82455987    -41.6646    0.0092
UCAC2 30705211    	2460036.83787844    -41.7509    0.0095
UCAC2 30705211    	2460036.85121771    -41.7075    0.0096
HE 0534-4548    2460037.49636132    -96.839    0.1758
HE 0534-4548    2460037.51432104    149.022    0.1922
HE 0534-4548    2460037.5343799    174.3384    0.224
HE 0534-4548    2460037.55234062    -96.6773    0.1955
S1 211    2460037.57290433    80.5693    0.0177
S1 211    2460037.58390864    80.462    0.0179
TYC 5996-1835-1    2460037.60542359    -30.3544    0.0127
TYC 8662-1456-1    2460037.6710912    -25.5539    0.007
TYC 8662-1456-1    2460037.68094399    -25.5468    0.007
TYC 9244-867-1    2460037.69419731    -23.8966    0.0206
TYC 9244-867-1    2460037.70779724    -23.8534    0.0201
TYC 9257-57-1    2460037.72843729    8.1684    0.007
TYC 9257-57-1    2460037.74175992    8.1299    0.007
Gaia3337834353779474432    2460038.48637786    75.787    0.0202
Gaia3337834353779474432    2460038.49853975    76.0485    0.0182
Source 579592852909815552    2460039.54775462    54.0833    0.0098
Source 579592852909815552    2460039.56919003    53.9972    0.0096
EN Mon    2460039.48332335    56.2184    0.116
EN Mon    2460039.49725051    56.8739    0.0253
EN Mon    2460039.51753073    56.7221    0.0228
Gaia3854012834900183936	2460040.50707785    -35.0807    0.0082
Gaia3854012834900183936	2460040.52762978    -35.1285    0.0076
2MASS J03145506-6656591    2460160.82915619    259.0102    0.0112
ASASSN-V J181441.19-755530.2    2460160.61616886    20.4083    0.0515
ASASSN-V J181441.19-755530.2    2460160.63659413    19.7983    0.0613
CD-77 1143    2460160.80658727    -2.1362    0.007
HD 146800    2460160.56463961    2.0171    0.007
HD 219899    2460160.79327711    22.5652    0.007
TYC 54-642-1    2460160.90511832    -11.0064    0.0077
TYC 54-642-1    2460160.92058126    -11.0139    0.008
TYC 5204-375-1    2460160.74030806    -8.1903    0.0072
TYC 5204-375-1    2460160.75903631    -8.1471    0.008
TYC 5204-375-1    2460160.77738526    -8.1623    0.0086
TYC 8740-23-1    2460160.58185951    7.159    0.007
TYC 8740-23-1    2460160.59615833    7.132    0.007
UCAC2 14312220    2460160.66718741    -20.512    0.0077
UCAC2 14312220    2460160.69074958    -20.5282    0.0079
UCAC2 14312220    2460160.7143086    -20.5262    0.007
UCAC2 30705211    2460160.48130124    -40.6995    0.0104
UCAC2 30705211    2460160.50484666    -40.6377    0.0111
UCAC2 30705211    2460160.52836059    -40.6554    0.013
CD-25 10424    2460161.56186986    9.4365    0.007
CD-54 8469A    2460161.68269565    -67.9099    0.0084
CD-54 8469B    2460161.70730783    -70.903    0.0114
CD-54 8469B    2460161.72947063    -70.9155    0.0102
CD-54 8469B    2460161.74951989    -70.8373    0.0093
CD-56 8291    2460161.90217262    -28.7469    0.0095
CD-62 1346    2460161.88726507    124.4154    0.017
CD-62 1346    2460542.70467320  116.2161  0.0537
HD 749    2460161.9364742    30.4481    0.007
HE 1418+0150    2460161.48905947    -35.8747    0.0153
HE 1418+0150    2460161.51259933    -36.2243    0.0166
HE 1418+0150    2460161.53612978    -36.3678    0.0191
Source 2696956135781037312    2460161.77771422    -12.6986    0.0099
Source 2696956135781037312    2460161.7966331    -12.7197    0.0099
Source 2696956135781037312    2460161.81570629    -12.7785    0.0112
TYC 7500-902-1    2460161.92322316    54.5448    0.0076
TYC 9260-600-1    2460161.58869194    -53.7561    0.0074
TYC 9260-600-1    2460161.61223973    -53.911    0.0076
TYC 9277-2435-1    2460161.64006845    -41.1519    0.007
TYC 9277-2435-1    2460161.6590206    -41.1044    0.007
HD 31732    2460164.92556255    6.294    0.0247
6 Cet    2460279.65414596    18.8579    0.019
ASASSN-V J181441.19-755530.2    2460279.56336666    -87.7501    0.2408
HD 9529    2460279.81981869    28.5675    0.1019
HD 19851    2460279.73724586    0.3495    0.0146
HD 269246    2460279.74611935    89.2401    0.0965
HD 273845    2460279.76205672    16.9398    0.0169
HD 31732    2460279.81814929    10.4278    0.0406
HD 32712    2460279.7637262    13.7296    0.0141
HD 50264    2460279.75903033    58.2998    0.0234
HD 69578    2460279.80038943    19.7058    0.0882
HD 76225    2460279.80620084    27.9293    0.0402
HE 0534-4548    2460279.78994769    117.5453    0.1751
TYC 126-853-1    2460279.77376809    36.4032    0.0239
TYC 4790-460-1    2460279.75616079    -167.8551    0.3845
TYC 565-1564-1    2460279.57491696    -170.6338    0.0325
TYC 591-1090-1    2460279.62168311    13.7582    0.0316
TYC 701-81-1    2460279.78016393    52.475    0.0112
HR CMa    2460279.80114683    1.4332    0.0269
SZ Psc    2460279.6113482    57.8536    0.037
SZ Psc    2460279.61333692    58.1574    0.0348
2MASS J00435910+0234080    2460280.61700776    -179.7415    0.0599
6 Cet    2460280.67426511    18.8623    0.0949
6 Cet    2460280.67741647    18.5998    0.0207
ASASSN-V J181441.19-755530.2    2460280.55780131    31.1772    0.2394
BD+07 4625    2460280.51426448    292.9858    0.4112
HD 19851    2460280.71186129    0.3453    0.0115
HD 269246    2460280.71896131    89.1925    0.0826
HD 273845    2460280.71726075    17.0083    0.0168
HD 32712    2460280.7129391    13.7397    0.0143
HD 50264    2460280.76897759    58.1932    0.0219
HD 69578    2460280.7707027    36.478    0.0603
HD 76225    2460280.77654448    27.932    0.0409
HE 0534-4548    2460280.74810865    185.3449    0.1742
LP 761-112    2460280.52869384    -230.7324    0.0269
LP 761-112    2460280.54549573    -230.6652    0.0344
TYC 126-853-1    2460280.73969112    36.5874    0.0206
TYC 4790-460-1    2460280.76267827    -294.1178    0.4367
TYC 565-1564-1    2460280.5675836    -170.5377    0.0368
TYC 591-1090-1    2460280.57549772    13.6283    0.0285
TYC 701-81-1    2460280.73151018    52.4376    0.0111
HR CMa    2460280.76692554    1.6035    0.0206
2MASS J00435910+0234080    2460281.5969302    -185.0029    1.0277
6 Cet    2460281.62950376    16.4814    0.2537
ASASSN-V J181441.19-755530.2    2460281.54391887    0.7273    0.7362
ATO J314.9459-08.0246    2460281.52929617    20.3626    0.9185
BD+07 4625    2460281.51856252    -254.0337    0.3886
HD 19851    2460281.70850813    -19.6654    0.4808
HD 269246    2460281.72749298    148.2371    0.7624
HD 273845    2460281.74744112    141.26    0.2629
HD 32712    2460281.74969043    147.7131    0.3596
HD 76225    2460281.83011987    59.3456    0.4896
TYC 126-853-1    2460281.75993159    191.7163    0.4231
TYC 4790-460-1    2460281.73866792    272.95    0.5081
TYC 4790-460-1    2460281.77272369    168.0491    0.3
TYC 565-1564-1    2460281.55524457    -172.2542    0.2565
TYC 701-81-1    2460281.76664893    221.702    0.1355
HR CMa    	460281.77594992    205.1446    0.3061
BD+07 4625    2460281.51856252    -254.0337    0.3886
2MASS J00435910+0234080    2460282.6368627    -190.7988    0.0502
6 Cet    	2460282.51861576    12.1098    0.0146
ASASSN-V J181441.19-755530.2    2460282.52507727    31.8669    0.1573
BD+07 4625    2460282.51964799    -33.5923    0.3907
HD 19851    2460282.74912895    -13.5873    0.0125
HD 211954    2460282.55156964    -9.4301    0.0185
HD 273845    2460282.75190184    2.9219    0.0147
HD 32712    2460282.75511431    -0.4976    0.0114
HD 50264    2460282.81395592    41.746    0.0238
HD 50264    2460282.82989231    41.012    0.0199
HD 69578    2460282.84579374    41.6567    0.0624
HD 76225    2460282.85052543    10.1897    0.0412
HE 0534-4548    2460282.78481245    32.6965    0.1941
TYC 126-853-1    2460282.76417301    22.112    0.0186
TYC 4790-460-1    2460282.79676582    -3.6616    0.858
TYC 4790-460-1    2460282.802978    88.6172    0.4531
TYC 565-1564-1    2460282.53572284    -176.662    0.0191
TYC 591-1090-1    2460282.54686772    6.2317    0.0214
TYC 701-81-1    	2460282.77699495    37.6483    0.0103
HR CMa    		2460282.81121225    -14.1997    0.0161
2MASS J00435910+0234080 2460283.64486267    21.6433    0.0105
BD+07 4625    		2460283.51246152    279.0    21247118350805.55
HD 69578    		2460283.83052761    -251.7182    0.0208
HD10780  	 2459467.427 	 	 2.55413 	 0.563426
HD189132 	 2459467.412 	  	 -37.9767 	 1.31259
HD2291   	 2459467.59 	 	 2.53975 	 0.0162178
HD187921 	 2459468.264 	  	 -3.32799 	 1.12257
HD220624 	 2459468.411 	 	 -4.72335 	 0.0434088
HD26897  	 2459468.626 	 	 -0.772945 	 0.338792
HD32456  	 2459468.657 	 	 14.982 	 1.61415
HD33363  	 2459468.641 	 	 -51.2252 	 0.467072
HD48680  	 2459468.604 	 	 -33.9718 	 0.255645
HD185151 	 2459470.34 	  	 -35.2123 	 0.0699876
HD10780  	 2459471.456 	 	 3.06941 	 0.694184
HD205197 	 2459471.32 	 	 7.51935 	 0.540081
HD208253 	 2459471.358 	 	 -10.6044 	 0.542317
HD211227 	 2459471.333 	 	 -3.27287 	 0.601682
V2012Cyg 	 2459471.292 	  	 5.25643 	 1.42662
HD10780  	 2459472.49 	 	 1.94036 	 0.41882
BD+622179 	 2459472.416 	 	 10.1203 	 1.64052
HD222355 	 2459472.439 	 	 -11.5051 	 1.11978
HD31913  	 2459472.64 	 	 -1.07411 	 1.55636
HD4757   	 2459472.502 	 	 -0.0469615 	 0.956634
RCyg     	 2459472.256 	  	 -8.33979 	 4.74929
HD10780  	 2459483.571 	 	 2.25132 	 0.453682
BD+54144A 	 2459483.56 	 	 -14.8844 	 1.59902
HD10780  	 2459489.489 	 	 2.60397 	 0.614594
HD28987  	 2459489.48 	 	 9.55164 	 1.72314
HD31381  	 2459489.499 	 	 17.5399 	 1.16213
TVAur    	 2459489.538 	 	 20.5052 	 2.40482
V1139Tau 	 2459489.521 	 	 -5.30434 	 1.76189
TVAur    	 2459508.407 	 	 22.811 	 3.59871
HD23952  	 2459508.376 	 	 36.2351 	 2.21799
HD277477 	 2459508.447 	 	 6.59461 	 0.525726
HD51273  	 2459511.393 	 	 51.7969 	 2.32473
HD59555  	 2459511.377 	 	 -26.1971 	 1.31209
HD105341 	 2459628.513 	 	 -51.3947 	 0.870956
HD92855  	 2459628.492 	  	 29.1027 	 0.91444
CNCvn    	 2459644.534 	 	 -54.3502 	 1.58472
HD135148 	 2459644.629 	 	 -93.3004 	 3.12632
HD142743 	 2459644.569 	 	 -51.4991 	 0.0519809
SUMa     	 2459644.485 	  	 30.2505 	 9.75935
BD+172512 	 2459649.536 	 	 -27.8823 	 2.55667
HD161570 	 2459649.567 	 	 -39.2333 	 0.917233
HD90162  	 2459649.492 	  	 -52.095 	 0.703995
DICam    	 2459650.491 	  	 -81.7353 	 0.571722
V555Lyr  	 2459650.566 	 	 28.504 	 0.941224
ZZCnc    	 2459650.406 	  	 73.2431 	 4.17814
DICam    	 2459655.335300926	 1.12775 	 1.1023
ZZCnc    	 2459655.454097222 	 14.8735 	 3.58676
DICam   	 2459655.4901736113	 16.2119 	 2.2574
HD26897  	 2459655.3541666665 	 17.8786 	 0.637396
HD277477 	 2459655.4199305554 	 5.52352 	 1.85192
TVAur    	 2459655.3893287037 	 11.3497 	 1.9153
DICam    	 2459657.500578704 	 -33.7461 	 0.641163
ZZCnc    	 2459657.473090278 	 14.8905 	 1.79927
DICam    	 2459662.4029050926 	 -85.6016 	 0.83256
ZZCnc    	 2459662.4785532407 	 17.254 	 0.0659268
HD33333  	 2459662.445150463 	 14.9154 	 1.99772
HD45194  	 2459662.417152778 	 -11.4356 	 0.882519
V1139Tau 	 2459662.343958333 	 -7.36612 	 1.8719
HD211227 	 2459698.622002315 	 -16.7701 	 1.48946
HD211227 	 2459700.235146438 	 -18.5409 	 0.0364322
HD211227 	 2459822.524 	 	 -9.73188 	 1.42215
HD26897  	 2459825.631 	 	 -3.75584 	 0.888936
RCyg     	 2459828.273 	  	 -15.9374 	 6.99762
HD196673 	 2459858.313 	  	 -18.0299 	 0.577477
HD191226 	 2459858.342 	  	 -18.1764 	 0.850651
HD199939 	 2459858.369 	  	 -29.6054 	 0.558896
HD201657 	 2459858.406 	  	 -24.6645 	 0.641024
TVAur    	 2459858.556 	 	 54.0076 	 2.34309
